0.00457051
0.00000000
0.00000000
0.01445417
0.00000000
0.00000000
0.02663508
0.00000000
0.02662476
0.02661426
0.00000000
0.02668702
0.00000000
0.00000000
0.00000000
0.00000000
0.02650081
0.00000000
0.00000000
0.00000000
0.00000000
0.00000000
0.00000000
0.00000000
0.00589599
0.00000000
0.00000000
0.00000000
0.16554312
0.00000000
0.10915337
0.05023027
0.00000000
0.09971792
0.00000000
0.00000000
0.00000000
0.00000000
0.00000000
0.00581666
0.00000000
0.20682289
0.00000000
0.18399433
0.00000000
0.00000000
0.08127253
0.00000000
0.12196645
0.04610308
0.00000000
0.00000000
0.00000000
0.00000000
0.00502284
0.05519048
0.05536207
0.00000000
0.00000000
0.00000000
0.00000000
0.00000000
0.00000000
0.00000000
0.00000000
0.03452621
0.00000000
0.00000000
0.12019240
0.00890174
0.05258004
0.03884543
0.00869508
0.05295529
0.00000000
0.00000000
0.00000000
0.00000000
0.07322949
0.03422053
0.00000000
0.01239582
0.04707768
0.00509898
0.00000000
0.02400889
0.00000000
0.00768278
0.00000000
0.00531951
0.00000000
0.00000000
0.00000000
0.00000000
0.00000000
0.00000000
0.03678634
0.00000000
0.01976768
0.01209934
0.00000000
0.00000000
0.02192260
0.00000000
0.00000000
0.00000000
0.07522914
0.00000000
0.00000000
0.00500277
0.00000000
0.00000000
0.00586861
0.00000000
0.00923704
0.00000000
0.01855435
0.00000000
0.02546301
0.00000000
0.00000000
0.00000000
0.00536490
0.00000000
0.00000000
0.00000000
0.03535341
0.05453580
0.00000000
0.00000000
0.01665635
0.00546766
0.00580766
0.00000000
0.00000000
0.00000000
0.00000000
0.00000000
0.00000000
0.00000000
0.00000000
0.00549748
0.00000000
0.00000000
0.00000000
0.00521506
0.00000000
0.00000000
0.05731389
0.00000000
0.00000000
0.00000000
0.00000000
0.00000000
0.00392428
0.00000000
0.00000000
0.02552677
0.00000000
0.00000000
0.00000000
0.02201374
0.00000000
0.00000000
0.00793595
0.02998983
0.01734159
0.00000000
0.00000000
0.00000000
0.01333948
0.00489119
0.00000000
0.00000000
0.02995513
0.00711869
0.00000000
0.06596697
0.00455532
0.00000000
0.02875756
0.00000000
0.00000000
0.01477616
0.05107642
0.00000000
0.00000000
0.00000000
0.00000000
0.00000000
0.03763473
0.09869025
0.00466203
0.00000000
0.00000000
0.05924078
0.01925722
0.01375636
0.00000000
0.00000000
0.00000000
0.00701967
0.00000000
0.00000000
0.00000000
0.00000000
0.04750151
0.00858256
0.02227047
0.00000000
0.00541478
0.00000000
0.00000000
0.00000000
0.00000000
0.00000000
0.00000000
0.00000000
0.00000000
0.00000000
0.00000000
0.00000000
0.00000000
0.00000000
0.00000000
0.00000000
0.00000000
0.00000000
0.00000000
0.00000000
0.00000000
0.00000000
0.00000000
0.01559773
0.00000000
0.00000000
0.00000000
0.00000000
0.00000000
0.01705241
0.00882185
0.00000000
0.00000000
0.00000000
0.00000000
0.00000000
0.00000000
0.00000000
0.00000000
0.01644819
0.00000000
0.01602962
0.00000000
0.00000000
0.11361737
0.00000000
0.00000000
0.00000000
0.00000000
0.00000000
0.00866114
0.05026422
0.11899595
0.00000000
0.00836877
0.00801190
0.00000000
0.01990514
0.00000000
0.00000000
0.00000000
0.00927136
0.00000000
0.00000000
0.10642817
0.04885286
0.00000000
0.00551342
0.00000000
0.20427171
0.10044217
0.00866526
0.04729653
0.00000000
0.00000000
0.00000000
0.00000000
0.00000000
0.00000000
0.00000000
0.00000000
0.00000000
0.00000000
0.06287626
0.00000000
0.11429230
0.00000000
0.02878944
0.05420387
0.00000000
0.00000000
0.00000000
0.04315959
0.00000000
0.08392572
0.06089368
0.00000000
0.10007892
0.00000000
0.02584838
0.01179441
0.09736215
0.00000000
0.00000000
0.00495214
0.00510067
0.03555051
0.00000000
0.00000000
0.00417445
0.00000000
0.13573219
0.00000000
0.00429897
0.00000000
0.02534111
0.00000000
0.00000000
0.04547016
0.00000000
0.00000000
0.00000000
0.00538009
0.00760552
0.00000000
0.00000000
0.00000000
0.00000000
0.01654177
0.00000000
0.00000000
0.00000000
0.02017650
0.00000000
0.00000000
0.08143211
0.04980908
0.00000000
0.01761013
0.00000000
0.00000000
0.00000000
0.05859698
0.00758846
0.00000000
0.00000000
0.01051057
0.00000000
0.02485016
0.00000000
0.00541497
0.00000000
0.00000000
0.00000000
0.00879822
0.00000000
0.00000000
0.01439791
0.02284957
0.00000000
0.02658144
0.01542202
0.00000000
0.00000000
0.00000000
0.00522406
0.00000000
0.00000000
0.00000000
0.05258248
0.00000000
0.00000000
0.00548548
0.00000000
0.00000000
0.00947371
0.06463062
0.00698686
0.02552677
0.00584141
0.00511267
0.00856868
0.00656416
0.00530470
0.00000000
0.00598731
0.00000000
0.00910971
0.00746487
0.00000000
0.00000000
0.00000000
0.00000000
0.00000000
0.00000000
0.00000000
0.01027897
0.00000000
0.00000000
0.00000000
0.06939635
0.00000000
0.01350807
0.05126020
0.00461796
0.00973175
0.00000000
0.00000000
0.00000000
0.00000000
0.00000000
0.00773979
0.00000000
0.01771140
0.00000000
0.00499283
0.00000000
0.00479349
0.00000000
0.01543627
0.00583466
0.00000000
0.10303348
0.06468725
0.00000000
0.00959035
0.00000000
0.00000000
0.00000000
0.03441763
0.00000000
0.00000000
0.00561169
0.00822400
0.00000000
0.00000000
0.00000000
0.00000000
0.00000000
0.00858650
0.00646045
0.00000000
0.00000000
0.00000000
0.00000000
0.01189868
0.00000000
0.00000000
0.00000000
0.00596537
0.00563457
0.00000000
0.00000000
0.00000000
0.00000000
0.00788926
0.00895837
0.00000000
0.00433591
0.00000000
0.00745737
0.00534202
0.01945244
0.00000000
0.00811654
0.00000000
0.01925216
0.00000000
0.00000000
0.00000000
0.00000000
0.07455703
0.10101170
0.37297434
0.07262264
0.06464600
0.06490591
0.10412115
0.00741180
0.05181735
0.00000000
0.00000000
0.00000000
0.00743731
0.05351188
0.00000000
0.00000000
0.00000000
0.00000000
0.00000000
0.00000000
0.00000000
0.00000000
0.00000000
0.00000000
0.00000000
0.00000000
0.00000000
0.00000000
0.05204633
0.00222093
0.00000000
0.00000000
0.00000000
0.02339622
0.00000000
0.00000000
0.00000000
0.05487167
0.00000000
0.00000000
0.00000000
0.00000000
0.00000000
0.00000000
0.00000000
0.00000000
0.03764467
0.00000000
0.03533466
0.00538196
0.00000000
0.00000000
0.00000000
0.00000000
0.08831789
0.00000000
0.13501920
0.00000000
0.00000000
0.04245916
0.00000000
0.00000000
0.00000000
0.00708043
0.00000000
0.00771804
0.00000000
0.25086313
0.29040729
0.26223072
0.07118146
0.00000000
0.10189122
0.04825744
0.10557302
0.31202124
0.00000000
0.00000000
0.00000000
0.10766719
0.06811945
0.00000000
0.00000000
0.02764212
0.00000000
0.00000000
0.00000000
0.00610940
0.00000000
0.06587432
0.08513154
0.00000000
0.00000000
0.00000000
0.01496556
0.01690952
0.00000000
0.00548342
0.00000000
0.00719389
0.00512654
0.00000000
0.00591793
0.09905650
0.01102159
0.00980864
0.02691506
0.00000000
0.00860938
0.00000000
0.00000000
0.00000000
0.00000000
0.00992022
0.00000000
0.02330621
0.00000000
0.00000000
0.01104935
0.07030363
0.04040175
0.00000000
0.00331387
0.00000000
0.00000000
0.00919860
0.00000000
0.14705983
0.00000000
0.01055539
0.05443173
0.00000000
0.01871938
0.00000000
0.00681414
0.00000000
0.04796508
0.05244858
0.00449438
0.09960653
0.06547376
0.07883537
0.00000000
0.00874121
0.00000000
0.04772110
0.10943636
0.00000000
0.00000000
0.02885320
0.00000000
0.12721059
0.00000000
0.00000000
0.00000000
0.00000000
0.00000000
0.03473456
0.02638810
0.12907952
0.09543790
0.05432783
0.00573283
0.05083600
0.02024457
0.00000000
0.00000000
0.00000000
0.00000000
0.00000000
0.00000000
0.00000000
0.00000000
0.04698448
0.00000000
0.00000000
0.00515111
0.03384510
0.02715285
0.00000000
0.00000000
0.00000000
0.00000000
0.00000000
0.09587240
0.00878097
0.01161119
0.00000000
0.00000000
0.00000000
0.00000000
0.01825805
0.00000000
0.00000000
0.00000000
0.00000000
0.00000000
0.00000000
0.05454575
0.00000000
0.01036673
0.00000000
0.00948684
0.07972258
0.00000000
0.00000000
0.00000000
0.00000000
0.00000000
0.00000000
0.03394880
0.07517851
0.00718976
0.00760946
0.00000000
0.00000000
0.00565988
0.00442724
0.01065384
0.01152436
0.00000000
0.00000000
0.00000000
0.00968956
0.00916728
0.00000000
0.00441824
0.03150939
0.06062383
0.00000000
0.00000000
0.00000000
0.03782039
0.00818049
0.00000000
0.00510404
0.00000000
0.00000000
0.05180610
0.04072937
0.00000000
0.00972969
0.01190224
0.00000000
0.00864876
0.00000000
0.00000000
0.00000000
0.00000000
0.00000000
0.00000000
0.00000000
0.00440792
0.00000000
0.14297578
0.00532139
0.00000000
0.00000000
0.00000000
0.04611940
0.00000000
0.05231412
0.00927980
0.07624875
0.05647000
0.00000000
0.00000000
0.01417418
0.00785850
0.00000000
0.00769854
0.00000000
0.00000000
0.00000000
0.00000000
0.00000000
0.00000000
0.00000000
0.00000000
0.00000000
0.00000000
0.05238866
0.00403943
0.00000000
0.21331302
0.00431978
0.00000000
0.00000000
0.15936275
0.00589599
0.00000000
0.01345369
0.02046061
0.00000000
0.00000000
0.00000000
0.00000000
0.14873900
0.00000000
0.00584141
0.00000000
0.02209307
0.02106390
0.02523066
0.07207861
0.00000000
0.00440549
0.08055578
0.00000000
0.00519706
0.00000000
0.06219181
0.00000000
0.10484109
0.10495923
0.11069080
0.11284852
1.61550224
0.27003690
0.17443826
0.07714256
0.51189802
0.10326519
0.14753721
0.22195085
0.10473420
0.14029016
0.10141028
1.64942997
0.10430033
0.11589281
0.11221720
0.30515752
0.12322057
0.17563092
0.51841577
0.11251813
1.02023172
0.02640085
0.26651491
0.00000000
0.20055278
0.00535346
0.14369796
0.05987201
0.00000000
0.00000000
0.02880519
0.07527225
0.01259104
0.00896231
0.16327060
0.00827463
0.17372342
0.18082598
0.29454902
0.02672659
0.05971823
0.00000000
0.00000000
0.01307881
0.04937757
0.02378760
0.00000000
0.00000000
0.00000000
0.17405535
0.10766250
0.08017397
0.04836809
0.03008847
0.05444617
0.10990556
0.59877609
0.63158513
0.65246331
0.59886610
0.68257635
0.65065912
0.79919628
0.61798980
0.59754251
0.08296125
0.00000000
0.16385926
0.18786535
0.00000000
0.18611586
0.18802512
0.00000000
0.18294133
0.18851026
0.19603084
0.18849789
0.15287950
0.00000000
0.00000000
0.00000000
0.00000000
0.00000000
0.05781357
0.08894200
0.11124360
0.03209824
0.02459361
0.03095205
0.03201760
0.02949306
0.75905814
0.69653498
0.66225370
0.71436977
0.71837813
0.71471498
0.71100992
0.73098441
0.71409049
0.67028942
0.65960764
0.65040844
0.02607623
0.00000000
0.00000000
0.00000000
0.00000000
0.00000000
0.16102230
0.16129946
0.15068107
0.16119857
0.14960239
0.16160290
0.00000000
0.17965766
0.19245424
0.16104742
0.00000000
0.15228353
0.00000000
0.00000000
0.00000000
0.00000000
0.20885141
0.19428998
0.00950878
0.00000000
0.00000000
0.00000000
0.00000000
0.01590866
0.00000000
0.00000000
0.01049275
0.03877042
0.08666949
0.03877042
0.00000000
0.00000000
0.11678458
0.05147979
0.07859495
0.04777436
0.04248823
0.05369491
0.05350645
0.02721174
0.05146554
0.04726146
0.05363865
0.11624187
0.59691596
0.57521577
0.59570995
0.59726777
0.92483967
0.58147501
0.64113717
0.61276986
0.61200211
0.60231555
0.62342333
0.81895269
0.59575608
0.59943113
0.59948458
0.66243248
0.59257986
0.58053472
0.59441017
0.61611692
0.64191786
0.64248702
0.59757364
0.03043184
0.00000000
0.00000000
0.00000000
0.00000000
0.01556248
0.01582521
0.01047719
0.01313957
0.08713682
0.01321121
0.00000000
0.00000000
0.01313151
0.00000000
0.00000000
0.00000000
0.00545979
0.17652008
0.00000000
0.00000000
0.16586266
0.18867904
0.00000000
0.00000000
0.19043697
0.19216731
0.18343041
0.18884032
0.00000000
0.10026907
0.18954994
0.19550388
0.19064156
0.00000000
0.02387143
0.02428718
0.01503570
0.23802622
0.00000000
0.02705984
0.00000000
0.00000000
0.00000000
0.00000000
0.00000000
0.00000000
0.00000000
0.00000000
0.00000000
0.00000000
0.00000000
0.00000000
0.00782381
0.00000000
0.00000000
0.00000000
0.00000000
0.05519048
0.01245302
0.01258073
0.06002485
0.00000000
0.02009492
0.01401872
0.00000000
0.00000000
0.00000000
0.04249817
0.05111298
0.00000000
0.00000000
0.00438111
0.06815189
0.06980423
0.20247029
0.07155990
0.00000000
0.00000000
0.00000000
0.07876204
0.02019581
0.00000000
0.00000000
0.00000000
0.00000000
0.00000000
0.05273963
0.00000000
0.00000000
0.00000000
0.00000000
0.00000000
0.00000000
0.00000000
0.00000000
0.00000000
0.00000000
0.04296268
0.04750469
0.00000000
0.04615822
0.04463134
0.00000000
0.29950482
0.10863429
0.19240810
0.15738438
0.20756627
0.05022071
0.00000000
0.00000000
0.00783206
0.02144102
0.05202120
0.00000000
0.00000000
0.02804719
0.00000000
0.00822025
0.00000000
0.00591905
0.00000000
0.00000000
0.00000000
0.05397809
0.00847585
0.00000000
0.01068122
0.00000000
0.00538778
0.01030597
0.00000000
0.00000000
0.04181518
0.00000000
0.00000000
0.06113334
0.00000000
0.00511267
0.00000000
0.00698554
0.00000000
0.08305258
0.00670968
0.00000000
0.00878772
0.00555805
0.00000000
0.00000000
0.01113336
0.08524594
0.00845223
0.43060068
0.03312198
0.00000000
0.00000000
0.01880921
0.00000000
0.00000000
0.00739549
0.08820069
0.03185333
0.00000000
0.00000000
0.01021202
0.00000000
0.00000000
0.01084156
0.00856700
0.00000000
0.00000000
0.00000000
0.00000000
0.09904562
0.00000000
0.00000000
0.00000000
0.00000000
0.00000000
0.00000000
0.00532514
0.00000000
0.08441143
0.06626383
0.00819718
0.04903776
0.00000000
0.09669998
0.09221310
0.12376862
0.05266555
0.10405908
0.10109159
0.11810049
0.05189480
0.57505037
0.60816511
0.67054638
0.62840604
0.56714874
0.66044540
0.56714874
0.56714874
0.56714874
0.59434978
0.61769519
0.60726207
0.69070658
0.70422890
0.64446942
0.60008787
0.61011573
0.67162620
0.62215361
0.58777775
0.57766737
0.58581411
0.57481052
0.57480770
0.61885526
0.58106900
0.97534224
1.05218881
0.96460138
0.57488891
0.78694918
0.71635468
0.66436030
1.27963513
0.59608482
0.80763092
0.62871378
0.61163586
0.60529280
0.57999763
0.60571362
0.77216458
0.59578777
0.56714874
0.82871108
0.89361664
0.87229038
1.70194400
0.60621195
0.58562419
0.56714874
0.60312668
0.62875808
0.65254288
0.60707197
0.60094376
0.58882699
1.10130894
0.60177790
0.60742859
0.62231033
1.18619442
0.65855883
0.61684666
0.55513422
0.56148703
1.17796369
0.57886832
0.64325064
0.66577616
0.61353668
0.62217812
0.59615196
0.57765612
0.58920486
0.56714874
0.56714874
0.57474732
0.62767429
0.77552467
0.79854321
0.82107716
0.82064396
0.81397222
0.79875006
1.21166133
0.80701550
0.81705983
0.89453840
0.96163056
0.82951810
0.90112601
0.88376586
0.83010713
2.05101186
1.76794094
0.99650427
1.26705877
1.48196741
0.79157582
1.57062248
1.54231424
0.93583884
0.77778892
0.77479949
0.83075716
0.79165458
0.86659717
0.88903155
0.87958109
0.85629345
1.51121123
0.84120880
1.17628552
0.81641753
0.89669332
1.71406412
0.84404127
0.92119561
0.79458757
3.28437802
0.81109745
0.82027974
0.79673499
0.80639698
0.83347332
0.79380031
0.82845007
0.82830455
1.00060118
0.91706396
0.81716357
0.77794533
0.83358138
1.37965013
0.85504730
1.19533027
0.79182317
1.78464004
0.90992292
1.81479802
0.89176575
1.47465315
0.79470253
1.65410692
0.80936540
0.77519630
0.80075777
0.80097924
0.91622231
0.82962349
0.82062799
0.81549863
0.79091833
0.82779806
0.79722764
0.79795826
0.82565777
0.79657165
0.83710637
0.87549966
0.89810567
0.86867990
0.86448894
0.81811206
0.88258947
0.88332347
0.82350228
0.88292815
0.84246995
0.81195189
0.79198317
0.82287859
0.98683725
1.29469411
1.38940645
1.56403488
1.72300589
1.25660129
0.80401425
1.44320438
0.78244608
0.77796839
0.88292801
0.77512842
0.77514455
0.79152560
0.86306708
0.87589835
0.82238538
0.80782210
0.80121365
0.81480161
0.79446346
0.78357296
0.78805852
0.80606584
0.80608778
0.77800027
0.80923212
0.80624474
0.82366847
0.82223254
0.82871363
0.77511248
0.82368760
0.80417252
0.80969476
0.87958057
0.82593103
0.84103069
0.79065414
0.82676214
0.81415272
0.84363152
0.82955823
0.79902475
0.85728662
0.82114670
0.82296106
1.87693503
0.82302895
0.79430477
0.59735704
0.66075576
0.66341608
0.65015443
0.65017655
0.73844138
0.67053627
0.62042770
0.68515697
0.65126330
0.68223504
0.56714874
0.91491230
0.80320946
1.37646034
0.66613229
0.65601384
0.61358769
0.73556933
0.62034107
0.62058054
0.65429549
0.68862236
0.65099119
0.88819132
0.59458589
0.65662088
0.56714874
0.65015443
0.65031326
0.69883475
0.65126330
0.66782513
0.78360292
0.81463186
0.92384600
0.82034819
0.81462754
0.90981658
0.93836317
1.45945220
0.81949267
0.86527451
0.86670200
1.26990523
0.79458757
0.86237921
0.86445556
0.95270088
0.88850534
0.90136811
0.87900874
0.86462434
0.81459773
0.83382738
0.81499454
0.81943266
1.49981648
0.60201213
0.62267602
0.56714874
0.56714874
0.70795815
0.67971143
0.66223763
0.62351503
0.62765760
0.62438349
0.61804062
0.71458457
0.62110638
0.56714874
0.56714874
0.60058070
0.57944835
0.59985102
0.81778177
1.11657097
0.73137612
0.62803717
0.67584435
0.57931427
0.60747416
0.85679971
0.62348240
0.60756755
0.56714874
0.62507661
0.77528828
0.59935950
0.57930508
0.60611081
0.63302156
0.60551746
1.03006052
0.74560544
0.55944781
0.56714874
0.58562419
0.58906684
0.61874461
0.66970513
0.70289125
0.62478462
0.68026240
0.68676473
0.90352973
0.60119580
0.57282775
0.60100808
0.58716452
0.77902682
0.89363920
1.64160968
0.86537409
0.86269746
0.92318626
0.89263103
0.93800480
1.35748355
1.46756523
0.84157167
0.79754156
0.81592770
0.79725445
0.79663748
0.79755075
0.79715844
0.85366351
1.10369342
0.81565240
0.84428600
1.74602374
0.82013665
0.92943593
1.31212752
0.79680382
0.82843810
0.89813694
0.81471981
0.79607957
0.79617015
0.82156264
0.79125908
1.08474754
0.78021464
0.80429442
0.84263239
1.71170836
0.89542355
2.08821280
0.85362769
0.85177113
0.77724583
0.80209036
0.80119359
0.82313232
0.84246057
0.87495544
0.79699997
0.79762464
0.79751775
1.04140620
0.81912830
0.84150135
0.81782064
0.84302298
0.84080992
0.83826737
0.95215048
0.95136439
0.82356623
1.64796400
0.79688858
0.85904847
0.96629559
0.85548275
0.84445163
0.79705867
0.79758751
0.88021588
0.79179448
0.79702323
1.61689229
0.79172547
0.93823359
0.08162490
0.00000000
0.00000000
0.02521940
0.00000000
0.00000000
0.02393875
0.00000000
0.00000000
0.02656232
0.00000000
0.01757788
0.02496811
0.08275609
0.07313554
0.10706315
0.00000000
0.00000000
0.00000000
0.00000000
0.03958280
0.00000000
0.00000000
0.00000000
0.07332382
0.07276217
0.07321074
0.05387607
0.05064078
0.00000000
0.00000000
0.02484809
0.04973950
0.00000000
0.00000000
0.00510235
0.04591011
0.01556004
0.00000000
0.00528426
0.00567695
0.00000000
0.02415573
0.01917677
0.00000000
0.00000000
0.02917875
0.00000000
0.00000000
0.00000000
0.00000000
0.05109479
0.00000000
0.00000000
0.00000000
0.00000000
0.00000000
0.10483172
0.09472115
0.09573063
0.01259254
0.10628339
0.11542798
0.05894748
0.00000000
0.00000000
0.10377647
0.00757889
0.00000000
0.00000000
0.09886165
0.00508698
0.00000000
0.02353425
0.00000000
0.09283102
0.00000000
0.08856862
0.08833533
0.08285229
0.09472115
0.02811976
0.00000000
0.05615045
0.08341807
0.07884924
0.09107254
0.00000000
0.11311103
0.05815591
0.12294649
0.06754336
0.00000000
0.00000000
0.01118831
0.00000000
0.56749328
0.00000000
0.05143225
0.01015407
0.00000000
0.04955535
0.00000000
0.01511484
0.00895293
0.01326934
0.01386982
0.00781181
0.05080956
0.00719633
0.01419069
0.12181944
0.05247183
0.03153940
1.31273240
0.03211474
0.02258928
0.00689328
0.02850814
0.04110275
0.08133141
0.16490870
0.06972491
0.00000000
0.02888845
0.71781313
0.78584763
1.02745684
0.76121639
1.19853961
2.22237214
0.71585472
0.81046579
1.88074327
0.90126174
0.73595792
0.72726619
0.68705703
0.68575462
0.70928662
1.62726476
0.74784583
1.96893068
0.76109518
1.06874617
0.06410508
0.02336528
0.06374791
0.00000000
0.00000000
0.06280163
0.00000000
0.01166670
0.10008586
0.00496771
0.06933147
0.32390865
0.00000000
0.00000000
0.14353106
0.03743651
0.00000000
0.00000000
0.00000000
0.07804436
0.00859306
0.00554380
0.01838088
0.01660646
0.00000000
0.00000000
0.00000000
0.00000000
0.10089130
0.00000000
0.00000000
0.14274173
0.00000000
0.00000000
0.00000000
0.00000000
0.00000000
0.00000000
0.00000000
0.00000000
0.00000000
0.00000000
0.00000000
0.00000000
0.00000000
0.25922271
0.10286732
0.07341815
0.07416321
0.07338046
0.07351285
0.00000000
0.12804443
0.11606372
0.14388156
0.31020762
0.12357734
0.10641954
0.28934417
0.76866024
0.00000000
0.00000000
0.00000000
0.00000000
0.00000000
0.09412255
0.02091481
0.03140850
0.01200126
0.29829844
0.03552800
0.00744818
0.00000000
0.09541452
0.06146677
0.05195950
0.00731504
0.01935849
0.00000000
0.00896419
0.20651271
0.00000000
0.00000000
0.00000000
0.00000000
0.04495518
0.00000000
0.00000000
0.00000000
0.00000000
0.11851475
0.00000000
0.02293752
0.00789207
0.03985304
0.00000000
0.00000000
0.00000000
0.01185892
0.00000000
0.00000000
0.01185461
0.00488800
0.01358121
0.00000000
0.00000000
0.00000000
0.00000000
0.00000000
0.00000000
0.00000000
0.00000000
0.00000000
0.00000000
0.00000000
0.00000000
0.00000000
0.00000000
0.00000000
0.00000000
0.00000000
0.00000000
0.00000000
0.00000000
0.00000000
0.00000000
0.00000000
0.00000000
0.00000000
0.06228441
0.00000000
0.00000000
0.25958090
0.23247249
0.15101262
0.00000000
0.00000000
0.00000000
0.01084663
0.00000000
0.00000000
0.15034426
0.06833005
0.00459546
0.07287562
0.00651896
0.16941882
0.00000000
0.07343709
0.00000000
0.00473798
0.00000000
0.00000000
0.11087247
0.03117184
0.03567709
0.00869058
0.00722071
0.06140414
0.07540092
0.00000000
0.11573872
0.02596784
0.00000000
0.02990488
0.00567264
0.08266813
0.00000000
0.00000000
0.00000000
0.00000000
0.07860283
0.00000000
0.12261231
0.19086510
0.00000000
0.05793575
0.00882110
0.05372623
0.07237566
0.00000000
0.00000000
0.00000000
0.07521827
0.03306234
0.00000000
0.00000000
0.00000000
0.08075550
0.05088701
0.02328858
0.00000000
0.07534747
0.00000000
0.00000000
0.09042293
0.11342515
0.02026464
0.00000000
0.08813148
0.07746339
0.00000000
0.00000000
0.00000000
0.00000000
0.00702943
0.25514747
0.00443249
0.00565782
0.00000000
0.13049275
0.00000000
0.00000000
0.00590517
0.09356370
0.00000000
0.00000000
0.07257801
0.00000000
0.00000000
0.07905253
0.00000000
0.00000000
0.00000000
0.00000000
0.06608192
0.06820084
0.00000000
0.00000000
0.08017997
0.00812386
0.11370532
0.00000000
0.07326718
0.12809405
0.10205906
0.06748822
0.00000000
0.00000000
0.00000000
0.00000000
0.06248938
0.00000000
0.07353180
0.00000000
0.01116918
0.00000000
0.00000000
0.00000000
0.00000000
0.11132311
0.00000000
0.00000000
0.11188440
0.04897044
0.00000000
0.00000000
0.07209961
0.00000000
0.00000000
0.00000000
0.01075342
0.05554735
0.00000000
0.00590517
0.00000000
0.00000000
0.00000000
0.00000000
0.01027878
0.00000000
0.00000000
0.07134499
0.01877133
0.00757120
0.12267233
0.13886697
0.09537057
0.00000000
0.00000000
0.00000000
0.06000253
0.06355231
0.00000000
0.01095558
0.00000000
0.00000000
0.08043632
0.15539166
0.04941189
0.11237948
0.01095802
0.00807172
0.00000000
0.00000000
0.00000000
0.12468210
0.00000000
0.00000000
0.00000000
0.00000000
0.02382605
0.00000000
0.00000000
0.00000000
0.00000000
0.11925944
0.00000000
0.07099168
0.10846176
0.00000000
0.00000000
0.00000000
0.00000000
0.07230740
0.00000000
0.00000000
0.06049293
0.00000000
0.00000000
0.00000000
0.00000000
0.05281783
0.00000000
0.00000000
0.00000000
0.01080293
0.09544765
0.00000000
0.04538634
0.03618793
0.01112886
0.00000000
0.00000000
0.07357699
0.00755433
0.09251334
0.09151623
0.11691773
0.00773192
0.09119274
0.00000000
0.00000000
0.00000000
0.00000000
0.00000000
0.00000000
0.00000000
0.00000000
0.00000000
0.00000000
0.00000000
0.00000000
0.00000000
0.00000000
0.00000000
0.00000000
0.00000000
0.00000000
0.00000000
0.00000000
0.00000000
0.00000000
0.00000000
0.02045536
0.07629207
0.00000000
0.00591680
0.00000000
0.14492704
0.00000000
0.00000000
0.00000000
0.01147129
0.00000000
0.02469094
0.00000000
0.17553947
0.11094186
0.00000000
0.03097361
0.23818581
0.00585717
0.10363001
0.00000000
0.10604130
0.00000000
0.00758002
0.00000000
0.00000000
0.00000000
0.03540329
0.00000000
0.10485159
0.05092995
0.00000000
0.00491032
0.02412066
0.12312934
0.00000000
0.00000000
0.00000000
0.00000000
0.03437750
0.00000000
0.00000000
0.00000000
0.07503917
0.05795488
0.00000000
0.07865103
0.00000000
0.10398126
0.00000000
0.04571864
0.05142653
0.00444037
0.00000000
0.01144260
0.01013626
0.00000000
0.00577447
0.10428431
0.09079781
0.00891111
0.00495702
0.08351615
0.05077561
0.00820168
0.03590288
0.04565394
0.00000000
0.00000000
0.00000000
0.00000000
0.00000000
0.01432121
0.01392420
0.00000000
0.00687921
0.00000000
0.00000000
0.00000000
0.00463765
0.00734335
0.01520373
0.00000000
0.00000000
0.00000000
0.00000000
0.02362089
0.00000000
0.00000000
0.04391984
0.00000000
0.04000756
0.00000000
0.00000000
0.00000000
0.00000000
0.00000000
0.05127857
0.01489674
0.00000000
0.00000000
0.00000000
0.00741536
0.02811433
0.00000000
0.00000000
0.00000000
0.02613156
0.00000000
0.00000000
0.12043845
0.00000000
0.08877678
0.00000000
0.00000000
0.36735141
0.01031347
0.11689410
0.02591777
0.10994720
0.07649010
0.00000000
0.00000000
0.00729497
0.01449186
0.00000000
0.00000000
0.00000000
0.00000000
0.00000000
0.00000000
0.00000000
0.00000000
0.00000000
0.00000000
0.00000000
0.00000000
0.00000000
0.00000000
0.00000000
0.09140034
0.11261351
0.11129873
0.00000000
0.00000000
0.00000000
0.00000000
0.00536865
0.00000000
0.09067347
0.18227691
0.00000000
0.00000000
0.00000000
0.00000000
0.00000000
0.00000000
0.05087575
0.00000000
0.00359066
0.04063748
0.00000000
0.01067016
0.00000000
0.00000000
0.00000000
0.01065516
0.14456886
0.00000000
0.00000000
0.00000000
0.03825302
0.00000000
0.00000000
0.00000000
0.00000000
0.00000000
0.00550742
0.02731038
0.02009792
0.00000000
0.00845391
0.02359463
0.00000000
0.00560531
0.00000000
0.00000000
0.00000000
0.06615881
0.00000000
0.00000000
0.00000000
0.00850867
0.00368968
0.00513536
0.00000000
0.09192524
0.00547554
0.00000000
0.00000000
0.00000000
0.02312149
0.00000000
0.00000000
0.00000000
0.09375011
0.00000000
0.00000000
0.00000000
0.00000000
0.00000000
0.09868519
0.05204633
0.05932930
0.00000000
0.00903995
0.00000000
0.00000000
0.00000000
0.10332378
0.00806460
0.00000000
0.00000000
0.00000000
0.00521862
0.00769666
0.00000000
0.00753351
0.00000000
0.04792645
0.04038206
0.00000000
0.00000000
0.00000000
0.01910438
0.00000000
0.08483431
0.02790185
0.33752006
0.00000000
0.00000000
0.00534596
0.04744393
0.01371173
0.00000000
0.02689575
0.00579903
0.02504350
0.00000000
0.02052456
0.00532326
0.00000000
0.00000000
0.00000000
0.05079005
0.01521536
0.00000000
0.03690430
0.00285048
0.05559798
0.09686594
0.00000000
0.00000000
0.00000000
0.00971619
0.03062406
0.09762526
0.06354106
0.00000000
0.00000000
0.04374262
0.00842560
0.02053581
0.01510021
0.00000000
0.00000000
0.00000000
0.00000000
0.00000000
0.00000000
0.00000000
0.00000000
0.00000000
0.00000000
0.00000000
0.09165445
0.00000000
0.00000000
0.00000000
0.00000000
0.00000000
0.00000000
0.00000000
0.00000000
0.00000000
0.00000000
0.00000000
0.00000000
0.00000000
0.00000000
0.00000000
0.09473803
0.03132411
0.00558187
0.08865169
0.00000000
0.02790016
0.00969106
0.00000000
0.00000000
0.00000000
0.02288858
0.00514230
0.00000000
0.00000000
0.09636486
0.00816512
0.00000000
0.00733623
0.01720356
0.00000000
0.00000000
0.04280741
0.04357966
0.00000000
0.00000000
0.00470554
0.00408856
0.00851580
0.00000000
0.00862269
0.01139966
0.00000000
0.02252570
0.08738098
0.00000000
0.00000000
0.00000000
0.01717543
0.00000000
0.00000000
0.05197675
0.00000000
0.00000000
0.00329999
0.00000000
0.00714738
0.00000000
0.04617772
0.00000000
0.04203722
0.00000000
0.00000000
0.00000000
0.07761904
0.00000000
0.02497167
0.00000000
0.00000000
0.00000000
0.00000000
0.00000000
0.03035495
0.02126080
0.00541291
0.00000000
0.00563682
0.00582116
0.00853643
0.00799371
0.00000000
0.01913701
0.00000000
0.00000000
0.00000000
0.03323468
0.00000000
0.00000000
0.00000000
0.00000000
0.00000000
0.00000000
0.06961164
0.00000000
0.02989081
0.00000000
0.00000000
0.00000000
0.00000000
0.00000000
0.00000000
0.00000000
0.00000000
0.00000000
0.00000000
0.00000000
0.01343700
0.00000000
0.00000000
0.00000000
0.00494726
0.03159359
0.00000000
0.00000000
0.00000000
0.00000000
0.00000000
0.00000000
0.04063748
0.02512676
0.00000000
0.00578328
0.00787294
0.00000000
0.00000000
0.00000000
0.00000000
0.00658854
0.00000000
0.00000000
0.00000000
0.02462024
0.00000000
0.00744462
0.00575684
0.02790935
0.01198832
0.00000000
0.08118870
0.00000000
0.00000000
0.00000000
0.04077438
0.00000000
0.08512855
0.00642032
0.00000000
0.00530282
0.00000000
0.05761845
0.00000000
0.00000000
0.03966007
0.00000000
0.00389296
0.00000000
0.00000000
0.00000000
0.00000000
0.00000000
0.01653633
0.00000000
0.00000000
0.00000000
0.00000000
0.00553574
0.01528624
0.16109787
0.00000000
0.00000000
0.02297240
0.10877081
0.09859217
0.00000000
0.00000000
0.08356491
0.06946405
0.00000000
0.09170564
0.01705391
0.00000000
0.00000000
0.03900352
0.00000000
0.00000000
0.00598731
0.00000000
0.10825660
0.10948399
0.00979889
0.00000000
0.00871815
0.01896505
0.00000000
0.02411241
0.13749724
0.00000000
0.00000000
0.00000000
0.01704229
0.08941964
0.03861252
0.00000000
0.00000000
0.00000000
0.01104691
0.00000000
0.00000000
0.00000000
0.00000000
0.00000000
0.00977413
0.02883482
0.00000000
0.19268603
0.00000000
0.19398544
0.23415502
0.17401615
0.00000000
0.03387247
0.00000000
0.03565778
0.00000000
0.00000000
0.10603454
0.00000000
0.01450086
0.00000000
0.09933461
0.25179516
0.08437298
0.20086258
0.27585393
0.09546133
0.11829196
0.21471327
0.15850957
0.00444562
0.06203669
0.00000000
0.04289498
0.00778105
0.00000000
0.00000000
0.02247001
0.10011230
0.05443548
0.00906845
0.03022218
0.00811073
0.00000000
0.00931262
0.00000000
0.00000000
0.05535794
0.01187880
0.05290278
0.00930962
0.01010794
